# Created by Octave 5.2.0, Thu Dec 02 11:35:02 2021 GMT <unknown@DESKTOP-9V0SMRD>
# name: x
# type: matrix
# rows: 1
# columns: 63
 0 0.10000000000000001 0.20000000000000001 0.30000000000000004 0.40000000000000002 0.5 0.60000000000000009 0.70000000000000007 0.80000000000000004 0.90000000000000002 1 1.1000000000000001 1.2000000000000002 1.3 1.4000000000000001 1.5 1.6000000000000001 1.7000000000000002 1.8 1.9000000000000001 2 2.1000000000000001 2.2000000000000002 2.3000000000000003 2.4000000000000004 2.5 2.6000000000000001 2.7000000000000002 2.8000000000000003 2.9000000000000004 3 3.1000000000000001 3.2000000000000002 3.3000000000000003 3.4000000000000004 3.5 3.6000000000000001 3.7000000000000002 3.8000000000000003 3.9000000000000004 4 4.1000000000000005 4.2000000000000002 4.2999999999999998 4.4000000000000004 4.5 4.6000000000000005 4.7000000000000002 4.8000000000000007 4.9000000000000004 5 5.1000000000000005 5.2000000000000002 5.3000000000000007 5.4000000000000004 5.5 5.6000000000000005 5.7000000000000002 5.8000000000000007 5.9000000000000004 6 6.1000000000000005 6.2000000000000002


# name: y
# type: matrix
# rows: 1
# columns: 63
 0 0.099833416646828155 0.19866933079506122 0.2955202066613396 0.38941834230865052 0.47942553860420301 0.56464247339503548 0.64421768723769113 0.71735609089952279 0.78332690962748341 0.8414709848078965 0.89120736006143542 0.9320390859672264 0.96355818541719296 0.98544972998846025 0.99749498660405445 0.99957360304150511 0.99166481045246857 0.97384763087819515 0.94630008768741447 0.90929742682568171 0.86320936664887371 0.80849640381959009 0.74570521217672003 0.67546318055115062 0.59847214410395655 0.51550137182146416 0.42737988023382978 0.33498815015590466 0.23924932921398198 0.14112000805986721 0.041580662433290491 -0.058374143427580086 -0.15774569414324865 -0.25554110202683167 -0.35078322768961984 -0.44252044329485246 -0.5298361409084934 -0.61185789094271925 -0.6877661591839741 -0.7568024953079282 -0.81827711106441081 -0.87157577241358819 -0.9161659367494549 -0.95160207388951601 -0.97753011766509701 -0.99369100363346452 -0.99992325756410083 -0.99616460883584057 -0.98245261262433248 -0.95892427466313845 -0.92581468232773212 -0.88345465572015314 -0.83226744222390081 -0.77276448755598715 -0.70554032557039192 -0.63126663787232085 -0.55068554259763758 -0.46460217941375659 -0.37387666483023602 -0.27941549819892586 -0.18216250427209502 -0.083089402817496397


# name: z
# type: matrix
# rows: 1
# columns: 63
 1 0.99500416527802582 0.98006657784124163 0.95533648912560598 0.9210609940028851 0.87758256189037276 0.82533561490967822 0.76484218728448838 0.69670670934716539 0.62160996827066439 0.54030230586813977 0.45359612142557731 0.3623577544766734 0.26749882862458735 0.16996714290024081 0.070737201667702906 -0.029199522301288815 -0.12884449429552486 -0.22720209469308711 -0.32328956686350357 -0.41614683654714241 -0.50484610459985757 -0.58850111725534582 -0.66627602127982444 -0.73739371554124578 -0.8011436155469337 -0.85688875336894732 -0.90407214201706121 -0.94222234066865829 -0.97095816514959066 -0.98999249660044542 -0.99913515027327948 -0.99829477579475312 -0.98747976990886488 -0.96679819257946087 -0.93645668729079634 -0.89675841633414699 -0.84810003171040804 -0.7909677119144165 -0.72593230420013988 -0.65364362086361194 -0.57482394653326851 -0.49026082134069943 -0.40079917207997545 -0.30733286997841935 -0.2107957994307797 -0.11215252693505398 -0.01238866346289056 0.087498983439447273 0.18651236942257576 0.28366218546322625 0.37797774271298107 0.46851667130037711 0.55437433617916154 0.63469287594263468 0.70866977429125999 0.77556587851025016 0.83471278483915978 0.88551951694131936 0.92747843074403591 0.96017028665036597 0.98326843844258471 0.9965420970232175


